lastAccountName: Bringdown_
timestamps:
  login: 1618617815100
  lastteleport: 1618544249219
  logout: 1618619293483
ipAddress: 24.190.34.52
homes:
  home:
    world: world
    x: 8609.293203460255
    y: 78.5625
    z: -8238.922130897638
    yaw: -45.189957
    pitch: 34.40864
lastlocation:
  world: world
  x: 0.5
  y: 64.0
  z: 0.5
  yaw: -333.13354
  pitch: 20.838848
logoutlocation:
  world: world
  x: 8610.019945219037
  y: 78.5625
  z: -8238.299980631571
  yaw: -51.874023
  pitch: 33.79761
