lastAccountName: MrFrenzoid
timestamps:
  login: 1618522281706
  logout: 1618522601666
  lastteleport: 1618522555658
  kits:
    firework: 1618435974124
    color: 1618435958921
    starters: 1618522370908
    notch: 1618436011518
    dtools: 1618435980956
    tools: 1618459336601
ipAddress: 85.31.132.204
lastlocation:
  world: world
  x: 0.2167116581546089
  y: 64.0
  z: 2.0316543077095224
  yaw: 61.67679
  pitch: 31.049984
homes:
  home:
    world: world
    x: -1016.2338136839654
    y: 67.0
    z: -636.2183989004641
    yaw: 47.567383
    pitch: 5.5496993
logoutlocation:
  world: world
  x: 2657.631806938735
  y: 76.0
  z: -3616.656528878405
  yaw: 14.863392
  pitch: 17.849981
godmode: true
afk: false
