lastAccountName: MrFrenzoid
timestamps:
  login: 1620210396434
  logout: 1620210411753
  lastteleport: 1619043210869
  kits:
    firework: 1618435974124
    color: 1618435958921
    starters: 1618683521065
    notch: 1618436011518
    dtools: 1618435980956
    tools: 1618459336601
ipAddress: 85.31.130.145
lastlocation:
  world: world
  x: -0.899552930541301
  y: 64.0
  z: 0.5631929800876186
  yaw: -32.220192
  pitch: 8.549952
homes:
  home:
    world: world
    x: 3900.4275221316384
    y: 97.0
    z: -4881.9470146331205
    yaw: 349.42358
    pitch: 32.249557
logoutlocation:
  world: world
  x: -0.5603958833112761
  y: 64.0
  z: 1.1059619207415294
  yaw: -33.570206
  pitch: 3.5999498
godmode: false
afk: false
