lastAccountName: Rinzor
timestamps:
  login: 1618523827060
  lastteleport: 1618522587381
  logout: 1618523805291
ipAddress: 86.190.228.244
homes:
  home:
    world: world
    x: 53.10403671423962
    y: 63.0
    z: -353.0013433669172
    yaw: -6.8813443
    pitch: 13.661886
lastlocation:
  world: world
  x: -1.116487686009625
  y: 64.0
  z: 3.699999988079071
  yaw: 67.16629
  pitch: 13.182611
logoutlocation:
  world: world
  x: 3006.944826834069
  y: 62.07326446237817
  z: -4827.840884795118
  yaw: 19.635893
  pitch: 20.642963
