lastAccountName: Rinzor
timestamps:
  login: 1618611696454
  lastteleport: 1618616043847
  logout: 1618616553154
ipAddress: 86.190.228.244
homes:
  o:
    world: world
    x: 0.3927401461831341
    y: 68.0
    z: 0.4693980350118858
    yaw: 139.55223
    pitch: 54.748077
  home:
    world: world
    x: 146.5846480912939
    y: 70.0
    z: -245.73005077209103
    yaw: 85.728584
    pitch: 39.416485
  spawner:
    world: world_nether
    x: -70.19864880580855
    y: 63.0
    z: 108.03199960249282
    yaw: -106.64636
    pitch: 1.5567892
  stonks:
    world: world
    x: 25.08101404928223
    y: 72.0
    z: -465.3061189192658
    yaw: 194.70955
    pitch: 40.1538
lastlocation:
  world: world
  x: 148.80901189169583
  y: 70.0
  z: -262.3248279286943
  yaw: 288.82193
  pitch: 11.015463
logoutlocation:
  world: world
  x: 9590.648918491475
  y: 14.0
  z: 9934.588675069615
  yaw: 87.17972
  pitch: 36.183453
