lastAccountName: Inimllk
timestamps:
  login: 1620055259391
  logout: 1620055282225
  lastteleport: 1619724737324
ipAddress: 85.59.84.246
lastlocation:
  world: world
  x: 0.5405301833966394
  y: 64.0
  z: 0.18235890034135538
  yaw: -0.27313232
  pitch: 1.3493358
logoutlocation:
  world: world
  x: -8614.977076651609
  y: 64.0
  z: 4862.058648810245
  yaw: 59.250454
  pitch: 6.450011
