spawns: 
  default: 
    world: world
    x: 0.5405301833966394
    y: 64.0
    z: 0.18235890034135538
    yaw: -359.97314
    pitch: 1.7993357
