spawnpoint:
  x: -1082.1764535405293
  y: 69.0
  z: -603.485444908507
  world: world
  yaw: -91.298
  pitch: 25.649492
